duration: 0.3331120014190674
end_time: 1670364530.4154174
image_path: images/example/control.png
start_time: 1670364530.0823054
time: 20221206-160850
