duration: 0.5239109992980957
end_time: 1669779264.7994754
image_path: images/example/control.png
start_time: 1669779264.2755644
time: 20221129-213424
