duration: 29.305593967437744
end_time: 1670363826.170405
image_path: images/example/control.png
start_time: 1670363796.864811
time: 20221206-155706
