duration: 13.591042757034302
end_time: 1670611656.0261195
image_path: images/example/control.png
start_time: 1670611642.4350767
time: 20221209-124736
