duration: 91.03995323181152
end_time: 1670611776.2575974
image_path: images/text_1/random.png
start_time: 1670611685.2176442
time: 20221209-124936
