duration: 108.08285665512085
end_time: 1670538123.018369
image_path: images/text_2/control.png
start_time: 1670538014.9355123
time: 20221208-162203
