duration: 123.27846455574036
end_time: 1670616354.8774202
image_path: images/text_1/bionic.png
start_time: 1670616231.5989556
time: 20221209-140554
