duration: 152.90696477890015
end_time: 1670612266.703074
image_path: images/text_3/bionic.png
start_time: 1670612113.7961092
time: 20221209-125746
