duration: 17.444543600082397
end_time: 1670623699.9098892
image_path: images/example/control.png
start_time: 1670623682.4653456
time: 20221209-160819
