duration: 144.5010883808136
end_time: 1669846031.0851927
image_path: images/text_1/random.png
start_time: 1669845886.5841043
time: 20221130-160711
