duration: 273.0457248687744
end_time: 1670622409.934296
image_path: images/text_3/random.png
start_time: 1670622136.888571
time: 20221209-154649
