duration: 130.92554426193237
end_time: 1669822241.5257258
image_path: images/text_3/random.png
start_time: 1669822110.6001816
time: 20221130-093041
