duration: 1.9334487915039062
end_time: 1669778853.8649619
image_path: images/text_2/random.png
start_time: 1669778851.931513
time: 20221129-212733
