duration: 124.74066376686096
end_time: 1669933618.3419428
image_path: images/text_3/control.png
start_time: 1669933493.601279
time: 20221201-162658
