duration: 166.14668130874634
end_time: 1669842105.5162766
image_path: images/text_1/random.png
start_time: 1669841939.3695953
time: 20221130-150145
