duration: 8.014735698699951
end_time: 1670537951.5996246
image_path: images/example/control.png
start_time: 1670537943.584889
time: 20221208-161911
