duration: 90.08029818534851
end_time: 1670608946.8662274
image_path: images/text_1/control.png
start_time: 1670608856.7859292
time: 20221209-120226
