duration: 76.74192714691162
end_time: 1670536928.872126
image_path: images/text_1/control.png
start_time: 1670536852.130199
time: 20221208-160208
