duration: 0.35195016860961914
end_time: 1670364538.2028048
image_path: images/text_3/bionic.png
start_time: 1670364537.8508546
time: 20221206-160858
