duration: 1.869636058807373
end_time: 1669779277.1722906
image_path: images/text_3/control.png
start_time: 1669779275.3026545
time: 20221129-213437
