duration: 85.43369340896606
end_time: 1669933364.2933798
image_path: images/text_1/random.png
start_time: 1669933278.8596864
time: 20221201-162244
