duration: 173.86240553855896
end_time: 1669929341.5202246
image_path: images/text_2/control.png
start_time: 1669929167.657819
time: 20221201-151541
