duration: 187.53273463249207
end_time: 1669746958.1068397
image_path: images/text_3/random.png
start_time: 1669746770.574105
time: 20221129-123558
