duration: 72.21847152709961
end_time: 1670444702.106926
image_path: images/text_1/random.png
start_time: 1670444629.8884544
time: 20221207-142502
