duration: 82.99024510383606
end_time: 1669933154.1697884
image_path: images/text_2/bionic.png
start_time: 1669933071.1795433
time: 20221201-161914
