duration: 258.47039890289307
end_time: 1670617613.4310446
image_path: images/text_3/random.png
start_time: 1670617354.9606457
time: 20221209-142653
