duration: 22.24728298187256
end_time: 1669928071.5185869
image_path: images/example/control.png
start_time: 1669928049.271304
time: 20221201-145431
