duration: 1.2976765632629395
end_time: 1670609291.8210096
image_path: images/example/control.png
start_time: 1670609290.523333
time: 20221209-120811
