duration: 18.018238067626953
end_time: 1669845863.9663289
image_path: images/example/control.png
start_time: 1669845845.9480908
time: 20221130-160423
