duration: 30.212483167648315
end_time: 1670622080.8895605
image_path: images/example/control.png
start_time: 1670622050.6770773
time: 20221209-154120
