duration: 161.9057228565216
end_time: 1670364369.5956008
image_path: images/text_2/random.png
start_time: 1670364207.689878
time: 20221206-160609
