duration: 84.69666886329651
end_time: 1670609209.5944998
image_path: images/text_2/bionic.png
start_time: 1670609124.897831
time: 20221209-120649
