duration: 64.35634398460388
end_time: 1670537249.595263
image_path: images/text_2/bionic.png
start_time: 1670537185.238919
time: 20221208-160729
