duration: 2.776297092437744
end_time: 1666818349.6485271
image_path: images/3.png
start_time: 1666818346.87223
time: '2022-10-26T16:05:49.648864'
