duration: 197.48602175712585
end_time: 1670364077.568603
image_path: images/text_3/bionic.png
start_time: 1670363880.0825813
time: 20221206-160117
