duration: 278.9242730140686
end_time: 1669842902.1353245
image_path: images/text_3/control.png
start_time: 1669842623.2110515
time: 20221130-151502
