duration: 13.635239601135254
end_time: 1669841901.7026682
image_path: images/example/control.png
start_time: 1669841888.0674286
time: 20221130-145821
