duration: 140.60654497146606
end_time: 1670538616.9989316
image_path: images/text_3/bionic.png
start_time: 1670538476.3923867
time: 20221208-163017
