duration: 207.59466934204102
end_time: 1670618306.396029
image_path: images/text_2/bionic.png
start_time: 1670618098.8013597
time: 20221209-143826
