duration: 45.12231492996216
end_time: 1669933019.7256665
image_path: images/example/control.png
start_time: 1669932974.6033516
time: 20221201-161659
