duration: 3.0142242908477783
end_time: 1669778842.7518618
image_path: images/text_3/control.png
start_time: 1669778839.7376375
time: 20221129-212722
