duration: 14.83453893661499
end_time: 1669844266.04501
image_path: images/example/control.png
start_time: 1669844251.2104712
time: 20221130-153746
