duration: 120.49098610877991
end_time: 1670622650.5144353
image_path: images/text_2/bionic.png
start_time: 1670622530.0234492
time: 20221209-155050
