duration: 99.0769453048706
end_time: 1669914085.8764632
image_path: images/text_1/random.png
start_time: 1669913986.7995179
time: 20221201-110125
