duration: 0.9106383323669434
end_time: 1670608842.3757503
image_path: images/example/control.png
start_time: 1670608841.465112
time: 20221209-120042
