duration: 24.707806825637817
end_time: 1670536769.6859732
image_path: images/example/control.png
start_time: 1670536744.9781663
time: 20221208-155929
