duration: 132.52064967155457
end_time: 1670622910.011111
image_path: images/text_1/control.png
start_time: 1670622777.4904613
time: 20221209-155510
