duration: 151.68747901916504
end_time: 1670456532.9074385
image_path: images/text_2/control.png
start_time: 1670456381.2199595
time: 20221207-174212
