duration: 135.8999330997467
end_time: 1669914660.9323452
image_path: images/text_3/control.png
start_time: 1669914525.032412
time: 20221201-111101
