duration: 224.6693205833435
end_time: 1669928939.847297
image_path: images/text_3/random.png
start_time: 1669928715.1779764
time: 20221201-150859
