duration: 1.3491435050964355
end_time: 1669928704.6171165
image_path: images/text_1/bionic.png
start_time: 1669928703.267973
time: 20221201-150504
