duration: 88.41892600059509
end_time: 1670465274.749929
image_path: images/text_1/control.png
start_time: 1670465186.331003
time: 20221207-200754
