duration: 10.872973918914795
end_time: 1669821746.6731505
image_path: images/example/control.png
start_time: 1669821735.8001766
time: 20221130-092226
