duration: 86.99304389953613
end_time: 1669822036.5041804
image_path: images/text_1/bionic.png
start_time: 1669821949.5111365
time: 20221130-092716
