duration: 68.69705533981323
end_time: 1669779357.0565891
image_path: images/text_2/random.png
start_time: 1669779288.3595338
time: 20221129-213557
