duration: 167.24023580551147
end_time: 1669846396.8223727
image_path: images/text_2/bionic.png
start_time: 1669846229.5821369
time: 20221130-161316
