duration: 117.7126727104187
end_time: 1670364757.9193134
image_path: images/text_1/control.png
start_time: 1670364640.2066407
time: 20221206-161237
