duration: 185.52646565437317
end_time: 1670616079.1053264
image_path: images/text_3/control.png
start_time: 1670615893.5788608
time: 20221209-140119
