duration: 108.79012060165405
end_time: 1669914332.8995721
image_path: images/text_2/bionic.png
start_time: 1669914224.1094515
time: 20221201-110532
