duration: 116.0510106086731
end_time: 1670465068.2016158
image_path: images/text_3/bionic.png
start_time: 1670464952.1506052
time: 20221207-200428
