duration: 124.84105253219604
end_time: 1670357100.867499
image_path: images/text_1/random.png
start_time: 1670356976.0264466
time: 20221206-140500
