duration: 30.072396993637085
end_time: 1670617311.2132163
image_path: images/example/control.png
start_time: 1670617281.1408193
time: 20221209-142151
