duration: 1.1803925037384033
end_time: 1670364590.6456046
image_path: images/example/control.png
start_time: 1670364589.465212
time: 20221206-160950
