duration: 1.7849993705749512
end_time: 1669778813.3491218
image_path: images/example/control.png
start_time: 1669778811.5641224
time: 20221129-212653
