duration: 140.77102327346802
end_time: 1669928279.7625608
image_path: images/text_1/bionic.png
start_time: 1669928138.9915376
time: 20221201-145759
