duration: 108.37617516517639
end_time: 1669931769.848035
image_path: images/text_2/control.png
start_time: 1669931661.47186
time: 20221201-155609
