duration: 186.00051593780518
end_time: 1670617910.2585936
image_path: images/text_1/control.png
start_time: 1670617724.2580776
time: 20221209-143150
