duration: 13.534529209136963
end_time: 1669913967.6323993
image_path: images/example/control.png
start_time: 1669913954.09787
time: 20221201-105927
