duration: 121.28671598434448
end_time: 1670538373.7711613
image_path: images/text_1/random.png
start_time: 1670538252.4844453
time: 20221208-162613
