duration: 65.32008075714111
end_time: 1669778510.2296834
image_path: images/text_2/random.png
start_time: 1669778444.9096026
time: 20221129-212150
