duration: 33.54314661026001
end_time: 1670455926.7827184
image_path: images/example/control.png
start_time: 1670455893.2395718
time: 20221207-173206
