duration: 2.6157314777374268
end_time: 1670364619.6667538
image_path: images/text_2/random.png
start_time: 1670364617.0510223
time: 20221206-161019
