duration: 149.14457416534424
end_time: 1669746449.823964
image_path: images/text_2/control.png
start_time: 1669746300.67939
time: 20221129-122729
