duration: 91.56502628326416
end_time: 1670465488.6528873
image_path: images/text_2/random.png
start_time: 1670465397.087861
time: 20221207-201128
