duration: 280.75226855278015
end_time: 1669749340.3112109
image_path: images/text_3/bionic.png
start_time: 1669749059.5589423
time: 20221129-131540
