duration: 104.81807732582092
end_time: 1669821868.2243786
image_path: images/text_2/control.png
start_time: 1669821763.4063013
time: 20221130-092428
