duration: 177.13974714279175
end_time: 1670456980.2093983
image_path: images/text_1/random.png
start_time: 1670456803.0696511
time: 20221207-174940
