duration: 164.5338749885559
end_time: 1669842422.542547
image_path: images/text_2/bionic.png
start_time: 1669842258.008672
time: 20221130-150702
