duration: 8.968564987182617
end_time: 1670364609.8527174
image_path: images/text_3/bionic.png
start_time: 1670364600.8841524
time: 20221206-161009
