duration: 255.75040912628174
end_time: 1669749726.9466898
image_path: images/text_2/random.png
start_time: 1669749471.1962807
time: 20221129-132207
