duration: 103.99449324607849
end_time: 1670612007.100725
image_path: images/text_2/control.png
start_time: 1670611903.1062317
time: 20221209-125327
