duration: 21.106372356414795
end_time: 1669778191.8291614
image_path: images/example/control.png
start_time: 1669778170.722789
time: 20221129-211631
