duration: 79.32178711891174
end_time: 1669778339.5379143
image_path: images/text_3/control.png
start_time: 1669778260.2161272
time: 20221129-211859
