duration: 57.73195743560791
end_time: 1669778932.6340373
image_path: images/text_1/bionic.png
start_time: 1669778874.9020798
time: 20221129-212852
