duration: 47.98530721664429
end_time: 1670615555.2915692
image_path: images/example/control.png
start_time: 1670615507.306262
time: 20221209-135235
