duration: 144.5583198070526
end_time: 1670356780.3379579
image_path: images/text_2/bionic.png
start_time: 1670356635.779638
time: 20221206-135940
