duration: 132.6757776737213
end_time: 1669931604.8264115
image_path: images/text_3/random.png
start_time: 1669931472.1506338
time: 20221201-155324
