duration: 217.32731890678406
end_time: 1669846759.3741512
image_path: images/text_3/control.png
start_time: 1669846542.0468323
time: 20221130-161919
