duration: 7.125900030136108
end_time: 1670464934.8886578
image_path: images/example/control.png
start_time: 1670464927.7627578
time: 20221207-200214
