duration: 137.00894141197205
end_time: 1670615741.911343
image_path: images/text_2/random.png
start_time: 1670615604.9024017
time: 20221209-135541
