duration: 30.787909746170044
end_time: 1669745982.6926255
image_path: images/example/control.png
start_time: 1669745951.9047158
time: 20221129-121942
