duration: 75.47925448417664
end_time: 1669844367.872559
image_path: images/text_1/random.png
start_time: 1669844292.3933046
time: 20221130-153927
