duration: 63.79490280151367
end_time: 1670444514.7269316
image_path: images/text_2/control.png
start_time: 1670444450.9320288
time: 20221207-142154
