duration: -1670364547.323411
end_time: 0
image_path: images/text_2/random.png
start_time: 1670364547.323411
time: 20221206-160916
