duration: 101.05352282524109
end_time: 1670624288.3702023
image_path: images/text_1/random.png
start_time: 1670624187.3166795
time: 20221209-161808
