duration: 1.1251177787780762
end_time: 1669928690.4568138
image_path: images/example/control.png
start_time: 1669928689.331696
time: 20221201-150450
