duration: 101.49803423881531
end_time: 1669844600.3844676
image_path: images/text_2/bionic.png
start_time: 1669844498.8864334
time: 20221130-154320
