duration: 143.49834632873535
end_time: 1670456109.392057
image_path: images/text_2/bionic.png
start_time: 1670455965.8937106
time: 20221207-173509
