duration: 96.82362151145935
end_time: 1670444319.6870701
image_path: images/text_2/bionic.png
start_time: 1670444222.8634486
time: 20221207-141839
