duration: 97.49023842811584
end_time: 1670623833.6615355
image_path: images/text_2/bionic.png
start_time: 1670623736.171297
time: 20221209-161033
