duration: 57.7241952419281
end_time: 1670356159.9819932
image_path: images/example/control.png
start_time: 1670356102.257798
time: 20221206-134919
