duration: 163.1386947631836
end_time: 1669748421.4667876
image_path: images/example/control.png
start_time: 1669748258.3280928
time: 20221129-130021
