duration: 29.777231454849243
end_time: 1669931262.9053695
image_path: images/example/control.png
start_time: 1669931233.128138
time: 20221201-154742
