duration: 219.7667908668518
end_time: 1669748771.400892
image_path: images/text_1/control.png
start_time: 1669748551.6341012
time: 20221129-130611
