duration: 81.37367296218872
end_time: 1670537114.8398952
image_path: images/text_3/random.png
start_time: 1670537033.4662223
time: 20221208-160514
