duration: 136.61954522132874
end_time: 1670609107.009642
image_path: images/text_3/random.png
start_time: 1670608970.3900967
time: 20221209-120507
