duration: 0.45412516593933105
end_time: 1669779383.995986
image_path: images/text_1/bionic.png
start_time: 1669779383.5418608
time: 20221129-213624
