duration: 86.62871527671814
end_time: 1669931384.7783794
image_path: images/text_1/bionic.png
start_time: 1669931298.1496642
time: 20221201-154944
