duration: 94.27336764335632
end_time: 1670609397.0112078
image_path: images/text_3/control.png
start_time: 1670609302.7378402
time: 20221209-120957
