duration: 190.52730178833008
end_time: 1670356447.2561867
image_path: images/text_3/control.png
start_time: 1670356256.728885
time: 20221206-135407
