duration: 115.86337924003601
end_time: 1669746162.7176254
image_path: images/text_1/bionic.png
start_time: 1669746046.8542461
time: 20221129-122242
