duration: 42.94869780540466
end_time: 1670444101.8249192
image_path: images/example/control.png
start_time: 1670444058.8762214
time: 20221207-141501
