duration: 111.87953066825867
end_time: 1669844791.548196
image_path: images/text_3/control.png
start_time: 1669844679.6686654
time: 20221130-154631
