duration: 134.1278841495514
end_time: 1670624120.0717762
image_path: images/text_3/control.png
start_time: 1670623985.943892
time: 20221209-161520
